500.000000
158.113883
111.803399
50.000000
500.000000
50.000000
632.455532
50.000000
50.000000
50.000000
111.803399
70.710678
50.000000
50.000000
111.803399
50.000000
70.710678
70.710678
550.000000
390.512484
70.710678
282.842712
304.138127
158.113883
206.155281
180.277564
254.950976
158.113883
269.258240
206.155281
150.000000
100.000000
150.000000
150.000000
158.113883
200.000000
100.000000
50.000000
70.710678
223.606798
1079.351657
50.000000
206.155281
100.000000
141.421356
150.000000
180.277564
50.000000
200.000000
100.000000
150.000000
200.000000
100.000000
150.000000
50.000000
100.000000
100.000000
100.000000
111.803399
70.710678
158.113883
50.000000
50.000000
200.000000
206.155281
158.113883
180.277564
141.421356
100.000000
100.000000
111.803399
200.000000
100.000000
50.000000
50.000000
50.000000
100.000000
100.000000
180.277564
100.000000
206.155281
150.000000
111.803399
158.113883
50.000000
150.000000
1188.486432
282.842712
206.155281
400.000000
150.000000
100.000000
100.000000
100.000000
100.000000
100.000000
180.277564
291.547595
254.950976
206.155281
390.512484
70.710678
70.710678
150.000000
111.803399
50.000000
70.710678
141.421356
141.421356
111.803399
50.000000
70.710678
50.000000
70.710678
206.155281
50.000000
158.113883
250.000000
364.005494
50.000000
206.155281
150.000000
254.950976
150.000000
100.000000
50.000000
100.000000
223.606798
150.000000
158.113883
200.000000
250.000000
150.000000
212.132034
335.410197
360.555128
150.000000
50.000000
141.421356
50.000000
200.000000
111.803399
304.138127
111.803399
180.277564
150.000000
608.276253
502.493781
100.000000
100.000000
223.606798
200.000000
206.155281
100.000000
50.000000
100.000000
50.000000
50.000000
50.000000
403.112887
50.000000
50.000000
50.000000
50.000000
180.277564
111.803399
141.421356
200.000000
50.000000
200.000000
50.000000
100.000000
70.710678
141.421356
100.000000
141.421356
158.113883
111.803399
50.000000
50.000000
100.000000
141.421356
250.000000
50.000000
150.000000
70.710678
70.710678
200.000000
200.000000
206.155281
150.000000
100.000000
200.000000
50.000000
50.000000
100.000000
282.842712
282.842712
200.000000
200.000000
320.156212
250.000000
320.156212
158.113883
360.555128
150.000000
460.977223
100.000000
522.015325
150.000000
100.000000
206.155281
100.000000
150.000000
500.000000
300.000000
100.000000
100.000000
100.000000
250.000000
50.000000
200.000000
100.000000
95179386655.260452
300.000000
150.000000
150.000000
100.000000
100.000000
100.000000
100.000000
150.000000
150.000000
150.000000
250.000000
150.000000
350.000000
100.000000
150.000000
350.000000
250.000000
200.000000
100.000000
100.000000
100.000000
50.000000
502.493781
502.493781
50.000000
50.000000
200.000000
200.000000
250.000000
390.512484
250.000000
200.000000
200.000000
150.000000
400.000000
100.000000
450.000000
100.000000
150.000000
250.000000
300.000000
254.950976
450.000000
150.000000
100.000000
100.000000
50.000000
100.000000
492.442890
200.000000
100.000000
100.000000
200.000000
50.000000
200.000000
250.000000
200.000000
200.000000
100.000000
50.000000
150.000000
50.000000
300.000000
250.000000
200.000000
100.000000
100.000000
250.000000
250.000000
570.087713
150.000000
100.000000
50.000000
200.000000
300.000000
150.000000
200.000000
0.000000
150.000000
400.000000
50.000000
150.000000
200.000000
400.000000
200.000000
150.000000
200.000000
150.000000
250.000000
100.000000
50.000000
100.000000
50.000000
200.000000
100.000000
200.000000
150.000000
50.000000
150.000000
150.000000
100.000000
0.000000
250.000000
341242350.000718
100.000000
200.000000
200.000000
150.000000
200.000000
380.788655
150.000000
150.000000
150.000000
158.113883
150.000000
74446753255.037552
150.000000
200.000000
200.000000
150.000000
282.842712
200.000000
150.000000
200.000000
200.000000
254.950976
250.000000
200.000000
150.000000
200.000000
100.000000
200.000000
200.000000
400.000000
200.000000
400.000000
200.000000
200.000000
250.000000
250.000000
200.000000
200.000000
200.000000
